1000
10029
10029
10054
10059
10124
10141
10143
10149
10194
10230
10236
10249
10301
10304
10336
10468
10482
10504
10541
10609
10611
10659
10691
10749
10751
10789
10876
10901
10912
10913
11013
11018
11019
11053
11055
11072
11132
11147
11151
11201
11265
11283
11341
11356
11417
11516
11529
11540
11544
11588
11589
11627
11627
11638
11651
11656
11680
11724
11753
11759
11764
11770
11833
11886
11925
11927
11955
11994
12000
12012
12089
12126
12155
12162
12169
12221
12224
12304
12325
12364
12369
12422
12484
12511
12590
12599
12601
12608
12626
12626
12635
12669
12671
12696
12801
12866
12944
12964
12972
13040
13094
13103
13196
13222
13298
13310
13360
13431
13435
13488
13528
13558
13562
13585
13603
13626
13677
13729
13738
13754
13789
13830
13832
13879
13926
13960
14032
14042
14085
14085
14099
14100
14145
14170
14187
14214
14314
14314
14415
14450
14475
14537
14566
14576
14597
14668
14676
14679
14682
14687
14694
14735
14746
14758
14803
14807
14887
14941
14945
14976
15003
15022
15031
15050
15072
15076
15098
15109
15110
15132
15250
15403
15455
15536
15557
15566
15590
15602
15603
15630
15663
15687
15700
15707
15787
15830
15845
15939
15995
15998
16022
16039
16065
16073
16078
16192
16203
16225
16235
16271
16288
16360
16411
16412
16423
16440
16468
16478
16484
16494
16512
16541
16542
16560
16603
16618
16619
16653
16655
16699
16705
16706
16817
16901
16903
16924
16963
16996
17039
17130
17165
17201
17263
17279
17286
17392
17442
17449
17463
17480
17488
17492
17517
17519
17592
17606
17617
17620
17628
17816
17865
17883
17901
17950
17959
17959
18076
18117
18178
18214
18257
18261
18282
18314
18361
18366
18381
18406
18481
18493
18520
18527
18684
18760
18763
18827
18910
18933
19011
19011
19162
19233
19314
19315
19319
19358
19375
19497
19504
19513
19515
19516
19568
19577
19602
19677
19759
19782
19790
19833
19854
19906
19962
20009
20022
20041
20068
20076
20113
20117
20177
20196
20203
20286
20292
20323
20354
20384
20467
20549
20556
20586
20648
20713
20809
20867
20894
21009
21021
21024
21076
21125
21174
21193
21225
21248
21259
21334
21338
21343
21423
21463
21478
21512
21586
21601
21636
21663
21702
21834
21904
22023
22044
22045
22053
22054
22159
22165
22182
22194
22250
22264
22269
22288
22291
22293
22318
22393
22424
22456
22509
22530
22551
22638
22674
22718
22723
22735
22761
22819
22836
22844
22897
22939
22942
22950
22994
23008
23023
23031
23032
23038
23062
23065
23143
23170
23187
23262
23291
23358
23402
23453
23459
23585
23649
23654
23695
23713
23830
23852
23883
23967
23972
23986
23986
24009
24016
24019
24147
24182
24257
24271
24296
24310
24311
24344
24370
24414
24424
24461
24475
24486
24601
24607
24626
24689
24701
24709
24722
24737
24799
24888
24894
24903
24925
24933
24946
24956
24963
24990
25118
25146
25186
25206
25256
25263
25265
25282
25458
25499
25574
25575
25630
25749
25760
25791
25882
25945
26037
26086
26106
26140
26143
26203
26216
26280
26283
26304
26414
26424
26440
26513
26520
26550
26566
26635
26642
26688
26859
26926
26942
26963
26973
27087
27104
27111
27125
27190
27193
27223
27254
27372
27399
27411
27438
27452
27506
27547
27550
27579
27660
27714
27774
27808
27826
27842
27862
27865
27871
27903
27914
27959
27965
28008
28036
28061
28088
28115
28116
28128
28133
28191
28231
28239
28241
28331
28353
28393
28398
28444
28539
28541
28585
28589
28637
28652
28652
28663
28679
28697
28763
28787
28788
28824
28876
28897
28936
28959
29009
29038
29073
29091
29157
29188
29315
29354
29358
29370
29376
29406
29498
29559
29590
29669
29691
29712
29797
29802
29816
29856
29867
29898
29924
29965
29977
30025
30041
30054
30056
30073
30143
30160
30176
30216
30223
30260
30316
30327
30329
30356
30416
30417
30425
30427
30449
30451
30473
30483
30486
30538
30557
30581
30601
30602
30609
30627
30650
30672
30711
30784
30799
30800
30826
30852
30889
30914
30946
31004
31016
31026
31081
31099
31114
31120
31133
31137
31154
31197
31222
31222
31294
31319
31364
31417
31426
31431
31458
31460
31521
31544
31546
31549
31625
31635
31660
31695
31719
31725
31764
31882
31946
31949
31975
32045
32143
32172
32234
32280
32297
32337
32356
32410
32414
32429
32467
32484
32533
32550
32550
32594
32620
32647
32659
32664
32702
32726
32742
32759
32799
32814
32849
32851
32868
32889
32914
33074
33153
33196
33197
33200
33217
33246
33272
33319
33343
33393
33482
33557
33623
33647
33656
33755
33758
33776
33832
33845
33848
33851
33852
33870
33937
33942
33972
33978
33987
33993
34022
34029
34042
34051
34115
34130
34156
34180
34183
34222
34230
34231
34273
34308
34351
34356
34373
34390
34424
34430
34473
34485
34485
34489
34556
34597
34649
34723
34767
34768
34775
34779
34856
34938
34947
34949
34971
35073
35088
35185
35201
35206
35265
35270
35270
35314
35346
35348
35412
35424
35485
35509
35543
35548
35562
35621
35628
35630
35706
35722
35735
35761
35825
35825
35829
35875
35899
35952
35991
35997
36059
36114
36130
36154
36155
36174
36265
36293
36303
36304
36363
36419
36424
36429
36440
36464
36478
36489
36505
36535
36577
36631
36634
36668
36680
36741
36778
36810
36817
36870
36910
36925
36970
37068
37089
37110
37153
37158
37349
37351
37385
37433
37490
37507
37532
37594
37596
37612
37625
37682
37727
37754
37757
37814
37831
37871
37893
37919
37939
37983
38010
38020
38023
38028
38071
38083
38113
38287
38290
38297
38298
38316
38319
38322
38324
38424
38434
38465
38477
38487
38490
38504
38521
38571
38618
38651
38667
38686
38690
38693
38705
38713
38746
38870
39012
39088
39142
39153
39169
39171
39175
39201
39214
39289
39293
39293
39310
39315
39335
39338
39351
39362
39422
39459
39511
39542
39557
39566
39578
39618
39644
39658
39705
39735
39764
39791
39813
39816
39856
39870
39874
39902
39955
39957
39973
39997
40004
40081
40094
40115
40146
40189
40192
40213
40228
40304
40524
40528
40675
40696
40772
40808
40815
40834
40837
40839
40878
40901
40933
40975
41002
41004
41061
41108
41112
41186
41197
41241
41287
41317
41330
41362
41419
41427
41462
41557
41628
41763
41784
41819
41908
41929
41935
41999
42061
42169
42171
42210
42227
42258
42271
42357
42405
42499
42526
42592
42605
42610
42638
42679
42686
42703
42727
42746
